000000000000001111111100000000000011111111110000000000001111111111000000000001111111111100000000000111111111110000000000011111111111000000000000011111111100000000000000111111110000000000011111111111000101111111111111111111111111111110000000001111111111000000001110111111111100000001111111111111000000011111111111111100000011100001111111100000000110001111111110000000011111101111110000000011111111
000000000000000111111100000000000011111111110000000000001111111111000000000001111111111100000000000111111111110000000000011111111111000000000000011111111100000000000000111111110000000000011111111111000001111111111111111111111111111110000000001111111111000000000110111111111100000001111111111111100000001111111111111100000011110001111111100000001110011111111110000000001110101111110000000011111111
000000000000000111111100000000000011111111110000000000001111111111000000000001111111111100000000000111111111110000000000001111111111000000000000001111111100000000000001111111110000000000011111111111100111111111111001110111111111111110000000001111111111000000000111111111111000000001111111111111100000011111111111111000000011110000111111100000001010011111111110000000111110101111110000000010110111
000000000000011111111100000000000001111111110000000000001111111111000000000000111111111100000000000011111111110000000000000011111111000000000000000111111100000000000010111111111000101111111111111111111111111111110000000011111111111000000000001111111111000000000011111111111000000001111111111111000000011110001111111100000000110000111111110000000011000111111110000000011111111101100000000000010000
000000000000011111111100000000000001111111110000000000001111111111000000000000111111111100000000000000111111110000000000000000111111100000000000011111111111000111111111111111111111111111111100000100111111111111000000000011111111111000000000111111111111000000011111111111111000000110100011111111000000010110001111111100000000011010111110100000000011111111000000000000000010001000000000000001011110
000000000000011111111100000000000001111111110000000000000111111111000000000000000111111100000000000000000111111100000000000101111111111001111111111111111111111111111111100000101111111111110000000000111111111111000000000111111111111000000001111111111110000000110100111111111000000000100011111111100000000010001111010100000000111111111000000000000000000011000000000000000011111000000000000001101111
000000000000011111111100000000000001111111110000000000000011111111000000000000000001111111000000000000001111111110001010011111111111111111111111111110001111111111111110000000001111111111110000000000111111111110000000001111111111110000000000111111111111000000011100111111111000000000010011111111000000000111111110000000000000100101110000000000000010011010000000000000001011111000000000000000111101
000000000000001111111100000000000000011111110000000000000000011111110000000000000000111111110000000000111111111111111111111111111111111111111111111100000111111111111110000000001111111111110000000000111111111111000000000111111111110000000010111111111111000000000110111110101000000000011011110000000000000000111110000000000000000000110000000000000000011111000000000000000100111000000000000000111110
000000000000000111111100000000000000000111110110000000000000000111011110000000000000111111111110111111111111111111111111111111111111111111111111111000000011111111111111000000001111111111111000000000111111111111000000000011111111111000000001001111111101000000000001111110000000000000000111110000000000000000001110000000000000001000111000000000000000001111100000000000000011001100000000000000001011
000000000000000001111100000000000000000001110001110000000000000001111111100001000000011111111111111111111111110011111111111111111110111111111111111100000001111111111111100000001111111111111100000000111111111011100000000011111111111110000000011111111001010000000000111111000000000000000001111000000000000000000111100000000000000000111100000000000000000011110000000000000000100110000000000000000101
000000000000000000011100000000000000000000010000111000000000000000011111110000110000000100111111111111111111110011111111111111111111001111111111111111000010111111111111111000000111111111111111000000111111111101110000000011111111111111000000001111111100001000000000111111100000000000000000111100000000000000000011110000000000000000001110000000000000000000111000000000000000010011000000000000000001
000000000000000000001100000000000000000000000000001110000000000000001111111100000000000011101111111111111111111000111111111111111111100011111111111111111100001111111111111110001001111111111111100000011111111111111100000001111111111111110000000111111111001110000000011111110000000000000000001111000000000000000001111000000000000000000111100000000000000000001100000000000000000000110000000000000000
000000000000000000000000000000000000000000000000000111000000000000001011111110000000000011111011111110111000001111001111111111111111111001111111111111111111110111111111111111111110011111111111111110000111111111111111100000011111111111111100000001111111110111100000000111111100000000000000000011110000000000000000011110000000000000000001110000000000000000000111000000000000000000011100000000000000
000000000000000000000000000000000000000000001100000001000000000000110000011111000000000011111111111110000000001111110101111111111100111110111111111111111110110101111111111111111110000111111111111111110001111111111111111110000111111111111111100000011111111110111000000001111111000111100000000001111000000000000000000111100000000000000000111100000000000000000001110000000000000000000110000000000000
110000000000000000000011100000000000000000001110000000000000000000111100000001110000000011111110111111100000001110110101111111011110111111100011111111111111100001011111111111111111100011111111111111111000011111111111111111000011111111111111111100001111111111001110110000111111110011111010000000011110000011001000000011111000000000100000001111000000000010000000111000000000001100000011100000000000
111100000000000000000011110000000000000000001111100000000000000000111110000000010000000011110001001011110000001111000000011111100000111111110000111111111111110000000111111111111111110000111111111111111100000111111111111111110000111111111111111110000011111111111111111000001111111110001111100000000111100000111110000000111100000010111000000011110000000011100000001110000000001110000000110000000000
111111000000000000000001111100000000000000001111110000000000000000111111000000000000000011111100000000111000001111110000000011110000111111010000001111110011111100000001111111111111111000001111111111111111000000111111111111111100001111111111111111100000111111111111111110000111111111111111111000001011111100001111100000001110100010111110000001111100000011111000000111100000001111100000001100000000
101111100000000000000010011111000000000000001111111100000000000000101111110000000000000001111111000000001100000111111000000000111000111111100000000111110011111110000000011111111111111000000011111111111111100000011111111111111110000011111111111111111000011111111111111111000001111100111111111100000010111011111111110000000011100000111111000000011110000011111100000001111000001111111000000111000000
100111110000000000000011101111000000000000001111111100000000000000110111110000000000000010111111000000000100000111111100000000011100011111110000000011111011111111000000001111111111111100000001111111111111110000001111111111111111000001111111111111111000001111111111111111100000111010011111111110000011011001111111111000000001110100111111100000001111000011111110000000111100001111111000000011100000
111001111000000000000011110111100000000000001111111111000000000000111011111100000000000011011111100000000010001101111110000000001110101111111000000000111100111111100000000011110111111110000000111111011111111000000011111111111111100000011111111111111100000111111111111111110000011110001111111111000001100100111111111100000000111000111111110000000011100011111111000000011110001111111100000001111000
010111111110000000000000011001111000000000000111111011110000000000111111111111000000000011111011111100000000001111101111110000000000111101111111000000000111000111111100000000011100111111100000000011000111111110000000001100011111111000000011110011111111100000001111011111111110000011111101111111111000001111011111111111000000110000111111111100000000000011111111110000000001101111111111000000001110
111111111111110000000000010111111110000000000000011001111000000000000111111011110000000000011111111111000000000111111011111100000000111111001111110000000011111101111110000000001111101111111000000000011000111111100000000001000111111110000000000100111111111000000001000011111111100000001100011111111100000011110001111111110000001111001111111111000001111101111111111100000011001111111111110000000000
011110000000111000000011111111000000000000001101011111111110000000100010111111110000000000000111000111000000000000111111011110000000000011111011111000000011111111011111100000001111111011111110000000111111001111110000000011111101111111000000000010000111111100000000101100111111110000000000100111111111000000000000111111111100000000000011111111110000001100011111111110000001110011111111111000000111
111110010011011110000000111110000000000000001111111111111111000000111000101111111100000000000000110011100000000000001111101111000000000001111111111100000000011111110111110000001111111110111111000000111111110011111100000011111110011111110000001100110011111111000000110010001111111100000011011001111111100000001101001111111111000000010000111111111100000000000111111111100000000000111111111110000001
110011000000100111000011111111000000000000001111110011111111100000111100010111111110000000000000110001111000000000000111111011100000000000011111011111000011111111111011111100001111111111001111110000011111111001111111000001011111101111111000001110010000111111100000111111100111111110000001110100111111111000000010000011111111100000000000011111111110000000000001111111111000001000001111111111100000
000001110000000000000011111111111000000000000011110000111111110000111100000011101111000000000000011100011100000000000011111101111000000000001111101111100011111111111001111110001111111111100111111000101111111100111111100010100101110011111110001111001000011111111000101111010001111111100000111011001111111110000000100001111111111000000000000111111111100000000000111111111110001000000011111111111000
111111110001001101111001000001110000000000000011111111111111111000000011100000111111100000000000000010001110000000000000111100011000000000000011111111111001000000001111001111101111111111110101111110111111111111000111111001101111111000111111101010000101100011111110001111000000011111111000101110010001111111100000110010001111111110000001000001111111111010000000000111111111101100000000111111111111
101011111000000100011100100001111000000000000000111111011111000000000101110000011111111100000000000001000111000000000000011100001100000000000001111110111100100000000111110111111111111111111000011111001111111111110011111100110111111111001111110001000010111001111111000111100100001111111100010111000000111111111000011000100111111111100000100110011111111111000001000011111111111110000000001111111111
111111111100100000111111101101100000000000000010011111100000000000000011111101111111111110110111000000111111000000000000000000001110000000000000111110111000000000000011111111110010000000001111001111111111111111110101111101111110111011000111110011011111111110111111001010001101100011111100001011000110011111110000111110000001111111100010101101000111111110000011000100111111111100000110010011111111
011100110000000000011111111111100010000001110000000011100000000000000011111111100000000001000111100011111111110000000000000011111110000000000000001000011010000000000011111001110000000000001111111111010011100000111110111111111111111111101011110001001111110111011111000110111111111101111100000000011011100111110000011010011110011111100001111100000011111111000011111010001111111100000111001001111111
000100010000000000011100111011110001000001111111111111000000000000100100011111000000000000000111111011111111110010001111000001111111000000000000000111001100000000000001111000110100000000000011111111000000000000001111101100000011010111110010111111111111111111110111000111111011111110011100001100111111111101110100111010011011100111100000101110011110111111100011111001100001111111001111111010001111
001110010000000000001111111111110001000000111000000011100000000000000011111111100000000000100011110001111111110000001110000001111111000000000000000011001100000000000000111100110000000000000011111111000010000000001111111101111111111111111010110001111111111111111011000011101101111111001101000110111111111110111000100100001001100011110000110111001111011111110001101100111001111110000101111001000111
111111110000001101111000000011100000000000001111111111111111111100000111110001011111111001111110000000111011000000000000000010001110000000000000111111011100000000000001111111110010000000000111110111000001101111111101011111111111111110111111110111111110111111101111000010011110111110011100011100000110111011110000001000111001111111000001111010011000011110000011011100110001111100000001111101100111
000000111000000000000011111111111111111111100001111110011111111111001111110000001111111000000000000000000001110000000000000111111111000000000000011111111100000000000000111110110001000000001111101111011111111111111111111111111111111111111101110001100010011111111111000001100111011111001110000111010011111110110000110100011001110011100000101101100100001111010000100111001100111110100010111111011011
011111111111111111111100111111100111111111100001111100010011111110010000000000000100011100000000000001111111110000000000000011111111000000000000001111101100100000000000111010110000001101111111111011011111111111111011101111111111111101111111110001100001011011111011000001000101001001100100000111000001101111010000100010011000111001100000011110110000000011000000111011110010001110000000011111100110
111111111111111111111101111111001111111111001111111000000111111110000000000000001000111000000000000011111111110000000000000111111111000000000000001111111101000000000000111011110010001001011111111111011111111111111111101111111111111100111111110111100001011111111011000001001011101101110100100101011000101111110000001100000101001101000001001011100001110000000001011001100000001010000001001111100100
111111101111111111110011111100010011111110001111100000000110011000000000000000111001111000000000000111111111110000000000001111111111000000000000011111111110000000000001110111111000010011111111111111111111111111100111011111111111110011111011111111100000011111111011001010000011101001111110001011010001111111110000110100000101001101000000001001100001000000000100011001100001000000000101110111100011
111111100111111111100011111100000011111111001110100000000110011110000000000000111111111100000000000001111111110000000000000111111111000000000000001111111111000000000011111111110100011101111111111111011111111111110101111111111111111010111111110111110000101101111101000110000100111110111100000010100100011111110001001111010001010011100000010010001000011001000001001010001000011000000001011101111000
111111110011111111111011111111000001111111101001010000000001100111000000000000011111111100000000000001111111110000000000000001111111000000000000000011111100100000000000011110111001000110010111111111001001111111111111011111111111111111100111111111111111111001111111000111100001001010111000000001100101011010010000110010100110001111010000001111000001101001000000010010010100001001000001101001010100
111111111011111111111100111111000100111111101111111100000001110111000000000000000111001100000000000000111111110000000000000000111111000000000000000011111100000000000000000111110011000000000001111101000000001100111111111100010011111111111111111111111111111111011010111111111111110001111110001111100001001101110000001000000001111011000010000101101001011000000011010010010001110010000000111100000110
