110000000110001111110011000100001100111111001110000000111111111100110000000001111111110011000000100011111111001100000001101111111100110000000111110011010011111101111010001100001101110110001000100000110111011110000010000001011111111100001000110001111111000001100000000111111100000110000000000000011000000000000000000000100000000000000000100010000000110000000000001000000011100000000000000001111110
110000000110001111110011000100001100111111001110000000111111111100110000000001111111110011000000100011111111001110000001101111111100110000000111110110110011111101111000011000001101110110000001100000110111011110000110000001011111111110010000110001111111001001100000000111111100001100000000000000011000000000000000000000100000000000000000100010000000110000000000001000000011100000000000000001111110
110000000110001111110011000100001100111111001110000000111111111100110000100001111111110011000010100011111111001110000001101101111100110000000111100110110011111011111000011000001101111110000001100000110111111110000100000000011111111110010000110001111111000001100000000111111100000000000000000000011000000000000000000001100000000100000000100010000000110000000000001000000011100000000000000001111110
110000000110001111110011000100001100111111001110001000111111111100110000100001111111110011000010100011111111001100001001101111111100110000000111110011010011111001111000001100001101111110000000110000110111111110000011000000011111111110001000110001111111000000100000000111111100000000000000000000011000000000000000000000100000000100000000100010000000110000000000001000000011100000000000000001111110
110000000111001111110011000100001100111111001110000000111111111100110000100001111111110011000010100011111111001110000001101111111100110000000111111001010011111011111000001100001101111110000000010000110111111110100000000000011111111110000000110001111111000000000000000111111100000000000000000000011000000000000000000001100000000000000000100010000000110000000000001000000011100000000000000001111111
110000000110001111110011000100001100111111001110000000111111111100110000000001111111110011000010100011111111001110000001101111111100110000000111110011010011111001111000001100001101111110001000100000110111111110000010000000011111111110001000110001111111000000110000000111111100000000000000000000011000000000000000000001100000000000000000100010000000110000000000001000000011100000000000000001111110
110000000110001111110011000100001100111111001110000000111111111100110000000001111111110011000000100011111111001110000001101111111100110000000111110110110011111101111000011000001101111110000001100000110111111110000110000000011111111111011000110001111111000001100000000111111100000000000000000000011000000000000000000000100000000000000000100010000000110000000000001000000011100000000000000001111110
110000000110001111110011000100001100111111001110000000111111111100110000000001111111110011000000100011111111001110000001101111111100110000000111110110110011111101111000011000001101110110000001100000110111011110100110000000011111111100011000110001111111000001100000000111111100000000000000000000011000000000000000000001100000000000000000100010000000110000000000001000000011100000000000000001111110
110000000110001111110011000100001100111111001110000000111111111100110000000001111111110011000000100011111111001110000001101111111100110000000111110110110011111101111000011000001101110110000001100000110111011110100110000000011111111110011000110001111111000001100000000111111100000000000000000000011000000000000000000000100000000000000000100010000000110000000000001000000011100000000000000001111110
111000000000111111111011100000000011111110101110000000000110010000111000000011011000000011100000001101111000001110000000110110000000111000000011010000000011100000000000000000001110000000110100000000111000010011011000000011100001011100100000001110001101110011000000111001110111101100000011100110011110111000001111111001110001110000111111000111000011100011001000001100000110001000000000110000000011
111000000000111111111011100000000011111110101110000000001110010000111000000011011000000011100000001101111000001110000000110110000000111000000011010000000011100000000000000000001110000000110100000000111000010011011000000011100001011100100000001110001101110011000000111001110111101100000011100110011110111000001111111001111001100000111111000111000011100011001000001100000110001000000000110000000011
111000000000111111111011100000000011111110101110000000001110010000111000000011011000000011100000001101111000001110000000110110000000111000000011010000000011100000000000000000001110000000110110000000111000010011011000000011100001011100100000001110001101110011000000111001110111101100000011100110011110011000001111111001110001100000111111000111000011100011001000011100000110001000000000110000000011
111000000000111111111011100000000011111110101110000000001110010000111000000011011000000011100000001101111000001110000000110110000000111000000011010000000011100000000000000000001110000000110110000000111000010111011000000011100001011100100000001110001101110011000000111001110111101100000011100110011110011000001111111001110001100000111111000111000011100011001000011100000110001000000000110000000011
111000000000111111111011100000000011111110101110000000001110010000111000000011011000000011100000001101111000001110000000110110000000111000000011010000000011100000000000000000001110000000110110000000111000010011001000000011100001011100100000001110001101111011000000111001110111101100000011100110011110011000001111111001111001100000111111100111000011100011001000011100000110001000000000110000000011
111111110011000010000011111111001110001000001111111100110000100000111111110011110010000011111111001111001000001111111100111100100010111111110011100010001111100011000110001000111010001100011000100011110000010001100010000011000000000110000000100000000000011000000000000000000001100000000000000000000110000000000000100111011000001110000000111111100000001000000000000110000000000000000000001100000000
111111110011000010000011111111001110001000001111111100111000100000111111110011110010000011111111001111001000001111111100111100100010111111110011100010011111100011000110001000111010001100011000100011110000010001100010000011000000000110000000100000000000011000000000000000000001100000000000000000000110000000000000100110011000001110000000111111100000001000000000000110000000000000000000001100000000
111111110011000010000011111111001110001000001111111100110000100000111111110011110010000011111111001111001000001111111100111100100010111111110011100010011111100011000110001000111010001100011000100011110000010001100010000011000000000110000000100000000000011000000000000000000001100000000000000000000110000000000000100110011000001110000000111101100000001000000000000110000000000000000000001100000000
111111110011000010000011111111001110001000001111111100110000100000111111110011110010000011111111001111001000001111111100111000100010111111110011100010011111100111000110001000111010001100011000100011110000010001100010000011000000000110000000100000000000011000000000000000000001100000000000000000000110000000000000100100011000001110000001111001100000001000000000000111000000000000000000001100000000
111111110011000010000011111111001100001000001111111100110000100000111111110011110010000011111111001111001000001111111100111000100010111111110011100010011111100111001110001000111010001100011000100011110000010001100010000011000000000110000000100000000000011000000000000000000001100000000000000000000110000000000000100100011000001110000001111001100000001000000000000111000000000000000000001100000000
111111110011000010000011111111001100001000001111111100110000100000111111100011110010000011111111001111001000001111111100111000100010111111110011100010001111100011001110001000111010001100011000100011110000010001100000000011000000000110000000100000000000011000000000000000000001100000000000000000000110000000000000100100011000001110111001111001100000001011110000000111000000000001000000001100000000
111111110011000010000011111111001100001000001111111100110000100000111111110011110010000011111111001110001000001111111100111000100010111111110011100010001111100011001110001000111010001100011000100011110000010001100010000011000000000110000000100000000000011000000000000000000001100000000000000000000110000000000000000100011000001110111001111001100000001011110000000111000000000001000000001100000000
111111110011000010000011111111001100001000001111111100110000100000111111110011110010000011111111001110001000001111111100111000100010111111110011100010001111100011001110001000111010001100011000100011110000010001100000000011000000000110000000100000000000011000000000000000000001100000000000000000000110000000000000000110011000001110111001111101100000001011110000000111000000000001000000001100000000
111111110011000010000011111111001100001000001111111100110000100000111111100011100010000011111111001110001000001111111100111000100010111111110011100010001111100011001110001000111010001100111000100011110000000001100000000011000000000110000000100000000000011000000000000000000001100000000000000000000110000000000000000100011000001110111000111001100000001011110000110110000000000001000011001100000000
111111110011000010000011111111001100001000001111111100111000100000111111110011100010000011111111001110001000001111111100111000100010111111110011100010001111100011001110001000111010001100111000100011110000000001100010000011000000000110000000100000000000011000000000000000000001100000000000000000000110000000000000000100011000001110111001111001100000001011110000110110000000000001000011001100000000
110000000011111111110011000000000111111111001100000000001111100100110000000011011100000011000000001101110000001100000000110100000000110000000011000000000011000000001000000000001100000100100100000000110000010111011000000011000011011101100000001100001101110110000000110000110111001100000011000011011110110000001111101101110011110000111100110111000111000011100011111100001100000000001111110000010110
110000000011111111110011000000000111111111001100000000001111100100110000000011011100000011000000001101110000001100000000110100000000110000000011000000000011000000001000000000001100000100100100000000110000010011011000000011000011011101100000001100001101110110000000110000110111001100000011000011011110110000001111101101110011110000111100110111000111000011100011111100001100000000001111110000010110
110000000011111111110011000000000111111111001100000000001111100100110000000011011100000011000000001101110000001100000000110100000000110000000011000000000011000000001000000000001100000100100100000000110000010011011000000011000011011101100000001100001101110110000000110000110111001100000011000011011110110000001111101101110011110000111100110111000111000011100011111100001100000000001111110000010110
110000000011111111110011000000000111111111001100000000001111100100110000000011011100000011000000001101110000001100000000110100000000110000000011000000000011000000001000000000001100000100100100000000110000010011011000000011000011011101100000001100001101110110000000110000110111001100000011000011011110110000001111101101110011110000111100110111000111000011100011111100001100000000001111110000011110
110000000011111111110011000000000111111111001100000000001111100100110000000011011100000011000000001101110000001100000000110100000000110000000011000000000011000000001000000000001100000100100100000000110000010011011000000011000011011101100000001100001101110110000000110000110111001100000011000011011110110000001111101101110011110000111100110111000111000011100011111100001100000000001111110000011110
110000000011111111110011000000000111111111001100000000001111100100110000000011011100000011000000001101110000001100000000110100000000110000000011000000000011000000001000000000001100000000100100000000110000010011011000000011000011011101100000001100001101110110000000110000110111001100000011000011011110110000001111101101110011110000111100110111000111000011100011111100001100000000001111110000011110
110000000011111111110011000000000011111111001100000000001111100100110000000011011100000011000000001101110000001100000000110100000000110000000011000000000011000000001000000000001100000000100100000000110000010011011000000011000011011101100000001100001101110110000000110000110111001100000011000011011110110000001111101101110011111000111100110111000111100011100011111100001110000000001111110000001110
110000000011111111110011000000000011111111001100000000001111100100110000000011011100000011000000001101110000001100000001110100000000110000000011000000000011000000001000000000001100000000100100000000110000010111011000000011000011011101100000001100001101110110000000110000110111001100000011000011011110110000001111101101110011110000111100110111000111100011100011111100001110000000001111110000001110
110000000011111111110011000000000111111111001100000000001111100100110000000010011100000011000000001001110000001100000001110100000000110000000010000000000011000000001000000000001100000001100100000000110000010111011000000011000011011101100000001100001101110110000000110000110111001100000011000011011100110000001111101101110011110000111100110111000111000011100011111100001110000000001111110000011110
110000000011111111110011000000000111111111001100000000001111100100110000000011011100000011000000001101110000001100000001110100000000110000000011000000000011000000001000000000001100000001100100000000110000010111011000000011000011011101100000001100001101110110000000110000110111001100000011000011011100110000001111101101110011110000111100110111000111000011100011111100001110000000001111110000011110
110000000011111111110011000000000111111111001100000000001111100100110000000011011000000011000000001101110000001100000001110100000000110000000011000000000011000000001000000000001100000101100100000000110000010111011000000011000011011101100000001100001101110110000000110000110111001100000011000011011100110000001111101101110011111000111100110111000111100011100011111100001110000000001111110000001110
110000000011111111110011000000000111111111001100000000001111100100110000000110011000000011000000011001110000001100000001100100000000110000000110000000000011000000001000000000001100000100100100000000110000010111010000000011000011011101100000001100001101110110000000110000110111001000000011000011011100110000001111101101110011111000111100110111000111100011100011111100001111000000001111110000001110
110000000011111111110011000000000111111111001100000000001111100100110000001100111100000011000000110011110000001100000011001100000000110000001100000000000011000000010000000000001100000101000100000000110000010110010000000011000011011001100000001100001101100110000000110000110111011100000011000011011100110000001111101101110011110000111100110111000111000011100011111100001110000000001111110000011110
110000000011111111110011000000000111111111001100000000001111100100110000001100111100000011000000110011110000001100000011001100000000110000001100000000000011000000010000000000001100000101000100000000110000010110010000000011000011011001100000001100001101100110000000110000110110011100000011000011011000110000001111101101110011110000111100110111000111000011100011111100001110000000001111110000111110
001111111111101100111100111111111110110011110010010111111111011111001000011111111101111100100011111111110110010010000100111111010000000011000001100100000000001111000110010000000000111111111001000000000011100011100100000010000011000000000000001000000100000000000000000000010010000000000000000001111001100000001000001111101111100000100000111111111110000010000011111111111000001110001111101111100000
001111111111101100111100111111111110110011110010010111111111011111001000011111111011111100100011111111110110010010000100111111010000000010100001100100000000001110000110010000000000111111111001000000000011100011100100000010000011000000000000001000000100000000000000000000010010000000000000000001111001100000001000001111101111100000100000111111111110000010000011111111111000001110001111101111100000
