000000000000000000000000000000000000000000000000000000000000000000000000000000000000000000000000000000000000000000000000000000000000000000000000000000000000000000000000100000000111111111011111111111000000000011100000000000000000001110000000000000000000000000000000000000000000000000000000000000000000000000000000000000000000000000000000000000000000000000000000000000000000000000000000000000000000
000000000000000000000000000000000000000000000000000000000000000000000000000000000000000000000000000000000000000000000000000000000000000000000000000000000000000000000000100000000111111111011111111111000000000011100000000000000000001110000000000000000000000000000000000000000000000000000000000000000000000000000000000000000000000000000000000000000000000000000000000000000000000000000000000000000000
000000000000000000000000000000000000000000000000000000000000000000000000000000000000000000000000000000000000000000000000000000000000000000000000000000000000000000000000100000000111111111011111111111000000000011100000000000000000001110000000000000000000000000000000000000000000000000000000000000000000000000000000000000000000000000000000000000000000000000000000000000000000000000000000000000000000
000000000000000000000000000000000000000000000000000000000000000000000000000000000000000000000000000000000000000000000000000000000000000000000000000000000000000000000000100000000111111111011111111111000000000011100000000000000000001110000000000000000000000000000000000000000000000000000000000000000000000000000000000000000000000000000000000000000000000000000000000000000000000000000000000000000000
000000000000000000000000000000000000000000000000000000000000000000000000000000000000000000000000000000000000000000000000000000000000000000000000000000000000000000000000000000000011111111011111111110000000000010100000000000000000001110000000000000000000000000000000000000000000000000000000000000000000000000000000000000000000000000000000000000000000000000000000000000000000000000000000000000000000
000000010011101111100000000000100110111110000000001011111011111100000001110111111111100000001111111110111111100000111111111011111110000001111001001111110000001111100001111111000000111110000011111100000001111000000111110000000011100000011110000000001010000001111001000000111000000011000000000000100000001000000000000010000001100000000000000000000110000000000000000000010000000001100000000000000000
000000011001101111100000000000001110111110000000001011111011111000000001110111111111100000000111111111111111000000111111111111111100000001111111011111110000001111100001111111000000111110000111111100000001111000001111110000000011100000011110000000001000000001111000000000111000000011000000000000100000001100000000000010000001100000000000000000000110000000000000000000010000000001100000000000000000
000001011101101111000000000000001110111100000000001011111011111000000001110111111111100000000111011111111111000000111111111111111100000001111111111111100000000111100001111111000000111110000111111100000001111000011111110000000011100000111110000000001010000001111000000000111000000011000100000000100000001100000000000010000001100000000000000000000110000000000000000000010000000011100000000000000000
000001010111101111000000000001001110111100000000000011111011111000000001110111111111100000000111011111111110000000111111111111111100000011111111111111110000000111100000111110000000111110000011111100000011111000011111110000000011100000111111000000001110000001111000000000111000000111100000000010100000001100000000000010000000100000000000001000000110000000000000000000011000000010000000000000000000
000111000000000000000001111111000000000000000111111110000000000000011111111000000100000001111111000001111110000001111100111111111000000100100011001111100000010000001100011110000000000000010001110000001000000010000111000001100000011000011101000011000001000011100000000101110101101110000000000001000000111000000000000000000011111000000000010000000111100000111111000000011100000001111100000001100000
000011111111000000000000111111111100000000000011111111110000000000001111111111100000000000111111111110001101100011111111111000111110001111111111100001111000011111111110000000000011111100111000000000001111110011000000000000001111001100000000000000111000010000000000000011100001000000000000001100000100000000000000100000010000000000000000000011000000000000000010000100000000000000000000010000000000
010000111111111111111111000011110011111111111100001110001111111111110000111000111110111111000011000011100011111100001100000100001111000000110001010000011100000011000111000001110000111000011100011111000011100000110001111100001110000001000001110000010000000000000111000001000000000000000100000000000000000000000000000000000000000000000000000000000000000000000000000000000000000000000000000000000000
010000111110111111111101000011110011111111110100001110001111111111010000110000111110111101000011000011100011110000001100000100001111000000110001010000011100000001000111000001110000111000011100011111000011100000111111111100001111000111111111110000011000001110000111000001000000010000001100000000000000000000110000000000000000000001000000000000000000000100000000000000000000010000000000000000000000
010000111110111111111101000011110011111111110100001110001111111111010000111000111110111100000011100001100011110100001100000110000111000000110001011000011100000001000111100001110000011000001110011111000011110000111111111100000110000011111111110000011000000100000011000001000000010000001100000000000000000000110000000000000000000011000000000000000000000100000000000000000000010000000000000000000001
010000111100111111111101000011110011111111111100001110001111111111010000110000111110111111000011000001100011111100001100000100000111000000110001110000011100000001000111000001110000011000001100011111000011100000111111111100000000000111111111110000000000001100000011000000000000100000001100000000000000000000110000000000000000000011000000000000000000000100000000000000000000010000000000000000000001
010000111100111111111111000011110011111111111100001110001111111111110000111000111110111111000011100011100011111100001100000110000111000000110001011000011100000001000111100001110000111000001110111111000011100000111111111100001100000111100000110000000000001000000011000000000000000000000100000000000000000000000000000000000000000000000000000000000000000000000000000000000000000000000000000000000000
010000111100111111111111000011110011111111111100001110011111111111110000111000111110111111000011000011100011111100001100001100000111000000110001110000011100000101000111000011110000111000001100111111000011000000111111111100001100000011110000110000000000000000000011000000000000000000000100000000000000000000000000000000000000000000000000000000000000000000000000000000000000000000000000000000000000
111111111000111111111011111111110001111111101111111111000111111110110111011101111111111011111101111111111111101111010111111111111110111100000101111111110011110001000110001110001110000000000000000000111000000000000111000011100000000001110000001110000000000100000000111000000000010000000011100000000000000000001100000000000010000000111000000000101000000011100000000000000000001110000000000000000000
111111111001111111111011111111000011111111101111111100001111111110110111011100111111111011111101110111111111101111010111111111111100111100000111011111110011110011001100001110001110000000000000000000111000000000001110000011100000000000110000001110000000000000000000111000000000000000000011100000000000000000001100000000000000000000111000000000100000000111100000000111000000001110000001000000000000
111111111001111111111011111111110111111111101111111110001111111111110111011000111111111011111101100011111111101111010110001111111110111100010000111111110011110011011000011110001110000000101000000000111000000000001110000011100000000000010000001110000000000000000000111000000000000000000011100000000000000000001100000000000000000000111000000000000000000111100000000000000000001110000000000000000000
111111111011111111111011111111111111111111111111111111111111111111110111010111111111111011111000001111111111101111000001111111111110111100100011111111111011100010011000001111111110000001100000000000110000000110000111111011000000001000010101001100000000000000000000010000000000000000000011000000000000000000001100000000000001111000110000000000000000001111000000000000000010111100000000000000000011
000010111101100001000000001011111110111100000001101111110000010000000111111110000000000001111011110000100000000011111110000111000000001111111000011110000000110111001011111000000010001101111111000000001111011110111100000000111111111111100000000001111111110000000000000111111100000000000000011111110000000000000001111110010000000000000011111011110000000000001111111111111100000000011111111111100000
001000011111111111100000000011111011110110000000001111001111111000000000110000000001100000000110000000000010000000011000000011100000000011011100011110000000000011110011111100000000000110011111100000000111111011111100000000111111111111100000000011111111111110000000001111111110000000000000011111111100000000000001111101111000000000000111111111110000100000001111110001111100000000011111100111110000
000001001111000000100000000100111111010000000000110011110110000000001111011111000000000000111111111000000000000011110111100000000000001111111100001000000000001111100000110000000000011100001111000000001111100001111100000000111111101111111000000011111111111111100000000111111111011110000000011110111111000000000001111101111111000000000011111011101100000000000111110000000100000000011111110000000000
000001110010111111100000001110011101110110000000100011000001101000001110011100000000100000111101100000100000000011101100000011000000001100100000111100000000011110000111111000000001000001111110000000000000001111110100000000000111111110000000000010111111111100000000001111111101110000000000011111110000000000000001111111100000000000000111111111000000100000001111111111111110000000111111111111100000
000000111111110000000000000111111110000000000001001111111000000000001001111111000000000000101111111100000000000010101111111000000000000110011111000000000000001101111100100000000000111111111111000000001111111111111100000000011111111111000000000001111111111100000000000111111110000000000000011111111000000000000000111111010000000000000011111100000000000000000111111000000100000000001110000000000000
000001011111000000000000001011111110010000000001101111110000000000001100111110000000000000110111111000000000000001011111111000000000000111001111011000000000001111111011110000000000111111111110000000001111101111110000000000011111111110100000000011111111110000000000000111111110010000000000011111111010000110000001111110011100011000000011111100010001100000000111111000111100000000011111110110000000
000000000000000000000000000000000000000000000000000000000000000000000000000000000000000000000000000000000000000000000000000000000000000000000000000000000000000000000000000000000000111111111111110000000000000000000000000000011111111111111110000001110111111101111000000000000000000000000000000000000000000000000000000000000000000000000000000000000000000000000000000000000000000000000000000000000000
000000000000000000000000000000000000000000000000000000000000000000000000000000000000000000000000000000000000000000000000000000000000000000000000000000000000000000000000000000000000111111111111110000000000000000000000000000011111111111111110000001110111111101111000000000000000000000000000000000000000000000000000000000000000000000000000000000000000000000000000000000000000000000000000000000000000
000000000000000000000000000000000000000000000000000000000000000000000000000000000000000000000000000000000000000000000000000000000000000000000000000000000000000000000000000000000000111111111111110000000000000000000000000000011111111111111110000001110111111101111000000000000000000000000000000000000000000000000000000000000000000000000000000000000000000000000000000000000000000000000000000000000000
000000000000000000000000000000000000000000000000000000000000000000000000000000000000000000000000000000000000000000000000000000000000000000000000000000000000000000000000000000000000111111111111110000000000000000000000000000011111111111111110000001110111111101111000000000000000000000000000000000000000000000000000000000000000000000000000000000000000000000000000000000000000000000000000000000000000
000000000000000000000000000000000000000000000000000000000000000000000000000000000000000000000000000000000000000000000000000000000000000000000000000000000000000000000000000000000000111111111111110000000000000000000000000000011111111111111110000001110111111101111000000000000000000000000000000000000000000000000000000000000000000000000000000000000000000000000000000000000000000000000000000000000000
000000000000000000000000000000000000000000000000000000000000000000000000000000000000000000000000000000000000000000000000000000000000000000000000000000000000000000000000000000000000111111111111110000000000000000000000000000011111111111111110000001110111111101111000000000000000000000000000000000000000000000000000000000000000000000000000000000000000000000000000000000000000000000000000000000000000
000000000111111101000000000000011111110010000000000001111111001000000000000100111100100000000000000000000010000000000001000111111000000000001101111111100000000000111111111110000000000001111111110000000000000111111110000000000000001111111100000000000000011111110000000000000011111111000000000000011110011110000000000000100111111000000000000000011111100000000000000000111100000000000000000011000000
000000000111111100100000000000011111110010000000000001111111000100000000000010011110010000000000000000000001000000000001100011111100000000000111111111110000000000011111111111000000000000111111111000000000000111111111000000000000000111111100000000000000011111110000000000000001111111000000000000001111011110000000000000010011111000000000000000001111100000000000000000111100000000000000000001100000
000000000011111110010000000000001111111001000000000000111111100100000000000000011110010000000000000000000001000000000000110011111100000000000111111111110000000000011111111111000000000000111111111000000000000011111111000000000000000111111110000000000000011111111000000000000011111111100000000000000111001110000000000000000011111100000000000000001111100000000000000000011100000000000000000001100000
000000000011111110100000000000011111111001000000000001111111100100000000000010011110010000000000000000000001000000000000100001111100000000000111011111110000000000011111111111000000000000111111111000000000000011111111000000000000001111111110000000000000011111110000000000000001111111000000000000001111101110000000000000011001111000000000000000001111100000000000000000011100000000000000000001100000
111111111111111111111111111111111111111111111111111111111111111111011111111111111111111100011111111111111100000000000001111100000000011111111111111111111101111111111111111111110011111111100111111111001111111110011110111000111001110001000000000000000000000000000000000000000000000000000000000000000000000000000000000000000000000000000000000000000000000000000000000000000000000000000000000000000000
111111111111111111111111111111111111111111111111111111111111111111011111111111111111111100011111111111111100000000000001111100000000011111111111111111111101111111111111111111110011111111101111111111001111111110011110111000111000110001000000000000000000000000000000000000000000000000000000000000000000000000000000000000000000000000000000000000000000000000000000000000000000000000000000000000000000
111111111111111111111111111111111111111111111111111111111111111111011111111111111111111100011111111111111100000000000001111100000000011111111111111111111101111111111111111111110011111111101111111111011111111110011110111000111100110001000000000000000000000000000000000000000000000000000000000000000000000000000000000000000000000000000000000000000000000000000000000000000000000000000000000000000000
