000000000000000000000000000000000000000000000000000000000000000000000000000000000000000000000000000000000000000000000000000000000000000000000000000000000000000000000000000000000000000000000000000000000000000000000000000000000000000000000000000000000000000000000000000000000000000000000000000000000000000000000000000000000000000000000000000000000000000000000000000000000000000000000000000000000000
000000000000000000000000000000000000000000000000000000000000000000000000000000000000000000000000000000000000000000000000010000001000000000011001110111111100000011110000000011110000111111000000001111101111111110000110111111111111111111111001110011111111110000001111000011111100000000001111111111111000000000000000011111000000000000000000111100000000000000000011110000000000000000001111000000000000
000000000000000000000000000000000010000000000000000001111110001000000000000001100000000000000000000000000000000000000000011100001000000000000001111111101100000001100000000111110000011111000000001111110101111100000111111101110111111101111011110011111111110110011111000001111100000000111111111111111000000001010000001111000000000000000000011100000000000000000011110000000000000000000111000000000000
000000000000000000000000000000000000000000000000000000000000000000000000000000000000000000000000000000000000000000000000010000000101000000000001111111111100000001100000000111110000011111000000011111110111111100000011111101111111111111111111110011111111111111011111000001111110000000111111111111111100000001010000001111000000000000000000011100000000000000000011110000000000000000000111000000000000
000000000000000000000000000000000000000000000000000000000000000100000000000000000000010000000000000000000000000000000000001011010110000000000000100011111100000001100000000011110000011111000000001111111111111100000010111100111111111111111011110001111111111110111111000000111111000000011111111111111100000000100000000111000000000000000000011000000000000000000001100000000000000000000110000000000000
000000000000000000000000000000000000000000000000000000000000000100000000000000000000000000000000000000000000100000000000001001111110000000000000000000011100000001000000000111110010011110000000000111011111111100000110111110011111111111111111110000111111111110000111000001111111100000000011111111111110000000000000000110000000000000000000011011000000000000000011101100000000000000000110110000000000
001111111100000000000001111111111000000000001111111111100000000000111111111110000000000011111111111000000000001111111111000000000000111111111100000000000011111111110000000000001111111111000000000000111111111100000000000011111111110000000000001111111111000000000000111111111100000000000011111111110000000000001111111111100000000000011111111110110000000011111111111111100000000011111111111100000000
001111111111000000000011111111111110000000001111111111110000000000111111111111000000001011111111111100000000001111111001100000001000111111100000000000100011111110000000000010001111111000000000001000111111100000000000100011111110000000000010001111111000000000000000111111100000000000000011111110000000000000001111111000000000000000111111110000110000000011111111101111000000000011111111111100000000
011111111100100000000011111111110000000100001111111111000000011000111111111100000001110011111111110000000111001111100100000000111100111100000000000011100011110000000000000110001111000000000000011000111100000000000001100011110000000000000010001111001000000001000000111100000000000100000011110000000000010000001110000000000010000000111000000001110000000011110000000111001100001111100110011100110000
110000011000000000001111000011111111000000111100001111111111000011110000111111111110001111000011111111111000111100001111111111100011110000011111111110001111000001101111111000111100000100011111100011110000010000111110001111000000000001111100111100000100000011110011110000000000001110001111000000000000011000111100000000000001100011110000000000000110001111000000000000011000111100000000000000000011
111111110000000000000011111111100000000000011111111100000000000001111111111000000000000111111111100100000000011111111100011000000001111110110001110000000111111000000111000000011111100000011110000001111110100000111000000111100000000001110000011100001000000011100001110000000000001100000111000000000000110000011100000000000011000000110000000000001100000011000000000000110000001000000000000000000000
001111000000000000000011111101000000000000011111111111000000000001111111111100000000000111111111100000000000011111111111000000000001111111111100000000000111111111100010000000011111111110001100000001111111100000110001000111111010000011100110011111001100001110110001110000000000111100000111000001000000110000011000000000000011000000100000000000001000000010000000000000100000000000000000000000000000
000000111111000001111100000011111101000111110000001111110110011111000110000000011001111100111111111101000111110011111111110100011111001111111110000001111100111111111000000111110011111111100000011111001111111100000001111100011111110000000111110001111111000000011111000011111100000001111100001111110000000011100000000111000000001110000000011000000000111000000001110000000011000000000001000000000000
000000000000000001111010000011111100000111111000001111110100011111100000011111010011111110011100000001001111111001111111110000011111100111111111000001111110011111111000000111111001111111100000011111100111111110000001111110011111110000000111111000111111000000011111100011111100000001111110000101110000000111111000000111000000011100000000001100000001110000000000110000000011000000000000000000000000
010000000000000001111011000000000000001111111100000111110110111111110000011111011011111111001001111000101111111100111000000000111111110011111111000011111111001111111100000111111100111111100000011111110011111110000001111111001111111000000111111100111111000000011111110011111100000001111111001111110000000011111100011011000000001110010001101100000000101000000000000000000010000000000000000000000000
000000000000000001111100000000000000000111110000000000000000011111001100000110000001111100110000000000000111110011000000000011111111001110000000001111111100110000000000111111111111000000000000111111111110000000001011111111111000000000111111110011100000000110111111000100000000001111111100000000000000011111110000000000000000011111000000000000010001111100000000000001100111110000000000000100000110
000000000000011111111000000000010001111111110000000001000111111111000000000000011111111100000000001011111111110000000000111111111111000000000011111111111100000000011111111111110000000001101111111111000000001110111111111100000000111011111111110000000011111111111111000000001111111111111100000000011110111111110000000000111011111111000000000001101111111100000001000010011111100000000100000001111000
111111110000000011100011111111100000001111111111111100000001111111000111110000110111111100000000000011011111110000000000011101111111111111111001110111111111111111100010011111111111111110000001111111111111111010000111111111111111100000011111111111111100000000111111111110000000000001111101111000000000000111110011000000000000011111000100000000000001111000000000000000000111100000000000000000000000
000000000000001111100000000000000000111111111111111000001011111111111111110001111111111111111110000100111111110000000000011111111111000000000001101111111100111111000000111111111111111100000011111111111111110100001111111111111111000000011111111101111000000000111111000111100000000001111100001110000000000111110000111000000000011110000001000000000001111000000100000000000111100000000000000000000000
011111100000000000111111111110000000000111111111111100000000011111111111110001100011111111111111000000001111111111111100000000111111111111110000000011111111111111000110001111111111111100011000111111111111110001100011111111111111000100001111111111111100000000011110011111110000000001111001111111000000000111000011111100000000010000000011110000000000000000001110000000000000000000000000000000000000
011111100000000000100011111110000000000111111111111000111100011111111111100011100001111111111111000000000111111111111100011000111111111111110011110011111111111111001111001111111111111100111100011111111111110001110001111111111111000110000111100111111100011000011110001111110000000001110000111110000000000110000001111000000000000000000111100000000000000000000100000000000000000000000000000000000000
000000000000000000010000111100100000000010100011000011100011000000100101000001011111010101011101000000000000100100000001100011110011001001000100000000000100010000000000111000110000000001111100001101001001000011111111111101111100101010010001111000000010100010100111110010000100110000111111110000011111001000111111101101010011110011110110110011001100001111011010001000110100100001000000000011010000
000000010000000000010000001111110000000011100000000011100011101100100001110001011111110101011111000000000010100100000011100011110011000001110000000000010100000000000000111010110000000001011100001101000001111111111111111100011111000110010000110001001000100011100110100111110000110000101111110000001111111100111111101100010000110011110110110100000100001111011110000000010100100000100000000001010000
000000001110011111111100000000110011111111110000000000001111111111000000000001111111111000000000000111111111110000000000011111111111000000000001111111111100000000000000000011110000000000000000011111000000000000000011111100000000000001000111110000000100010110011111000000000100100001111100000000001110111111110000010001111111101111000001111111111110011100000111001011110000110000000100000101000000
000100110000000111000000011111000000011100000001101100000011100000000010110000011100000000001011000001100000000000101100001110000000000000000000110000001100000000000011000001110000000011111100000111000000011111000000011100000001111100000011110000000011110000011111000000001111100111111000000000001100001100000000000000000011100000000000100000011110000000000000000010011111000000000000000000001111
111110001111101111111000010011100011111111100000011111111110111111001101011111111111111101111001111110011111110000000001111001011111001000010111100001110110000000011100000111011111000001100000111111100110000110000011111110011000010110011111110000000001010000111111000000000101000001100000000000010110000100000000000000011000011000000000010000100101000000000000000000000000000000000000000000000000
000000000000000000000011111111111111111111111111111111111111111111111111111111111111111111111111111111111111111111111111111111111111111111111111111111111111111111111111111111111111111111111111111111111111111111111111111111111111111111111111111111111111111111111111111111111111111111111111111111111111111111111111111111111111111111111111111111111111111111111111111111111111110000000000000000000000
000000100000001110000000000111000001110000001110000000010111000000000000000001111100000000011111110111110000000100100000001111000000010010000001111000000000001000001101100000000000100000111010000000000000000011100000000000000000001111000000000000000000011100000000000000001001110000000000000000111111111100001111111111111111111111000000111111111000000000000000001111000000000000000000000100000000
111111111100000000011111111111110100000001110000000000111100000111000000000011110000011100000000001111000001111111111111111100000111111111111111110000011111111111111110000001111111111111111000000111111111111110001000011111111111110100000001111111011110010000000111111101000000000000011111110000000100000001111110000000000000000111011000000000000000011100000000000000000001110000000000000000000000
111111111101000000111111111111111110000011111111111111111000001111000000000111100000111100000000011110000011110000001111111000001111111111111111100000111111111111110100000011111111111111100000001111111111111010000000111111111111101000000011111101110000000000001111100111000001000000111110011000000000000011111000100000000000001111000000000000000000111100000000000000000011110000000000000000000000
111111110000000000110011111111011100000111111111111101110000011111000000000010000001111110000000111100110111111111110111010011011111111111111110001111111111111111101000111111111111111110000011011111111111111000001101111101111111000000110111110111111100000000011111001111000000000001111100111000000000000111110001100000000000011111000000000000000001111100000000000000000011110000000000000000000000
000000000111100000000000000000111111111111111111100011111111111111111111001111111111111111111100110111111111111111110010011111111111111111000001111111111111111100000111111111101111110010010111111110111111001001001111110011111100000000111111000111110000110101111000000000000101010011000000000000011111001000000000000000001000000000000000000000000000000000000000000000000000000000000000000000000000
000011001111110000000001111110111111111111111111111011111111111111111111001111111111111111111100100111111111111111110000011111111101111111000001111111110011111100000111111111001111110000010110111100111111000000001011100001111100001000101110000111110000000000100000000000101100000010000000000000010010000000000000000000001000000000000000000000000000000000000000000000000000000000000000000000000000
000011000000111100000000001000000000011100011000100000000000100000110010000000000011001100001000000000011111110000000000000000110000000000000000000011000000000000000000001100000000000000000110100000000000000000001011000000000000000000101000000000000000100000100000000000000111111010000000000000011110001000000000000011100110100000000000000110011111111000000000011111111111100000000011001111111110
000011100000000001110000011111110000000111100001111111111110011110100111111101001010111010011111111111101111101011111111111010001110100011111111101100111010100111110011100000001011111110001110000000101111111000111100000010000111100011100000001000011110001110000000000001111000011000010000000111100001100001000000011110000000000000000001011000000000100000000011100000000100000000001111000000000000
000011110000000001110010011111111100000111101001111111111110011110100111111101001011111010011111111111100101101011111111111010000110100011111111101001110010111111110011111110001011111110001111111000101111111000111001100010000111100011100110001000011110001110011000000011111000011000010000000111100000000001000000011110000000010000000001111000000001000000000111100000000000000000001110000000000000
111000000000000000100010011110000000000000000011110000000011000000001100000000111111100011110000000011000010001111000000000100001111111111100000000000001111111110000110111111111111000000000111111100111100000000011000000011110000000000000000001111100000000000000000111100000000000000110111110000000000000000001000000010001111111000000000001000000000100000000000000000000000000000000000000000000000
011110000000010000000011100000000000000000001000111000011100000000000011000001110011111001000000000011000000101111110000000110000011111111100001010000000011111111000001000011111111111000000111111111111111000000111111000011111100000010000000001111110000001000000000111111000000000000001111111000101011000000001100000011000111111110100000001100000000001100000000100000000000000000000000000000000000
000001000011000000000010011100001100000100001000111000000000011110100001110000100001111111011111000010000111111100111110000000001111110011111000000000011111000111110000000000111100011111100000000001110001111111000000000111000111111110000000011100010111111100000000010000000111110000000000000110001111000000000000011100001100000000100000111000000000000010000001111000000100000000000011100000000000
000001000010000000000010011100001000000100001000111000000000011110100101110000000001111111011111000000000111111100111110000000001111110011111000000000011111000111110000000000111100011111100000000001110001111111000000000111000111111110000000011100010111111100000000000000000111110000000000000110001111000000000000011100001100000000100001111000000000000010000001111000000100000000000011100000000000
