000000000000000000000000000000000000000000000000000000000000000000000000000000000000000000000000000000000000110000000000000000000000000000001000000000000011110000100000111100001111111111111111111000111111111111111111111111111111111111111111111111111111111111111111011111111111111111111111111111111111111111111111110111111110011111111110000000000000100011111100000010000110100111000000000000000000
000000000000000000000000000000000000000000000000000000000000000000000000000000000000000000000000000000000000010000000000000000000000000000000000000000000011111000000000111110001111111111111111111100111111111111111111111111111111111111111111111111111111111111111111001111111111111111111111111111111111111111111111110111111110011111111110000000000000110011111001000000000110001111000000000000000000
000000000000000000000000000000000000000000000000000000000000000000000000000000000000000000000000000000000000000000000000000000000000000000000000000000000011111100000000111110001111111111111111111100111111111111111111111111111111111111111111111111111111111111111111001111111111111111111111111111111111111111111111110111111110011111111110000000000001010011111001100000000110011111000000000000000000
000000000000000000000000000000000000000000000000000000000000000000000000000000000000000000000000000000000000010000000000000000000000000000000000000000000011111000000000011110001111111111111111111100111111111111111111111111111111111111111111111111111111111111111111001111111111111111111111111111111111111111111111110111111110011111111110000000000000010011111001100000000111011111000000000000000000
000000000000000000000000000000000000000000000000000000000000000000000000000000000000000000000000000000000000110000000000000000000000000000000000000000000011110000000000111100001111111111111111111000111111111111111111111111111111111111111111101111111111111111111110011111111111111111111111111111111111111111111111101111111111011110111110000001000000100111111011000010000100001100000000000000000000
000000000000000000000000000000000000000000000000000000000000000000000000000000000000000000000000000000000001110000000000000000000000000000000000000000000011100000000001111000101111111111111111110000111111111111111111111011111111111111111111001111111111111111111111111111111111111111111111111111111111111111111111011111111110011101111100000001000001010011110110000100000000001100000000000000000000
000000000000000000000000000000000000000000000000000000000000000000000000000000000000000000000000000000000000000000000001000000000000010000000000000000000011100001000111111000001111111111111111111100111111111111111111110011111111111111111111001111111111111111111111111111111111111111111111101111111111111111111111111111111110010000111100000001000000100011111100000000000000000000000000000000000000
000000000000000000000000000000000000000000000000000000000000000000000000000000000000011000000000000100000000000000000000000000000000011000000000000000000011100000111111111000001111111111111111111110111111111111111111110011111111111111111111011111111111111111111111111111111111111111111111101111111111111111111110111111111111010000111010000001000000000011100000000000000000000000000000000000000000
000000000000000000000000000000000000000000000000000000000000000000001000000000000000000000000000000000000000110000000000100000000000001100000000000000000011110000100111111000001111111111111111111110111111111111111111111011111111111111111111110111111111111111111111011111111111111111111111101111111111111111111111111111111111000000111000000001000000000011100000000000000000000000000000000000000000
000000000000000000000000000000000000000000000000000000000000000000000000000000000000000000000000000000000000000100000000000000001000000000000100000000010010000000100000000000001100000000000000000000110001111111111100000011111111111111111110001111111111111111111000111111111111111111110011111111111111111111101111111111111111011111111110000011000001111011111111011110000100001111111011100100010000
000000000000000000000000000000000000000000000000000000000000000000000000000000000000000000000000000000000000000000001000000011110000000000100000000000000001000100000000000000000000000000010000100000000001111111100000000011111111111111111000011111111111111111100001111111111111111111000011111111111111111110001111111111111111011100111110000011100001111011111111111111100100001111011111001100000000
000000000000000000000000000000000000000000000000000000000000000000000000000000000000000000000000010000011100000000010000000000000000000100000000000000000000000000000000000000000000000010110000000000001011111111100000000011111111111111111100001111111111111111101000111111111111111110000011111111111111111110001111111111111111001100111110000011000001111011111111101111111111011111111110111011111000
000000000000000000000000000000000000000000000010000000000000000000001000000000000000000000000000000000011111000000010000000000000000000100000000000000000000000000000000000000000000000010101000000000000011111111110000000011111111111111110100001111111111111111111100111111111111111111000011111111111111111110001111111111111111011010111110000011000001111111111111111111011111111111111111111101111110
000000000000000000000000000000000000000000000000000000000000000000000000000000000000000000000000100000000001100000000010000000000111000000000000000000000000010010000000000000000000000000000010000000000000111111111100000011111111111111111100001111111111111111111110111111111111111111111011111111111111111111101111111111111110011110111110000011000001111011111111111010110111111111111111101011011101
000000000000110000000000000000000100000000000000000001000000010000100000000100110001000000000000011000000000001000000001100000000000100000001100000000000010000000010000000000000000110011000110000000111111111011111111111011111111001111111111101111111100111111111110111111111011101111111011101111011111111111111111110111111111111111110011011111111111111111111111111111110111111111111111111111111111
000000000000000000000000000000000000000000000000000000100000001100011111000010000000000011111100010000000000001111111001110000000000000001000100000000000001011110101100000010001111111011111111110011111111101010111111011111111100101011111100011111100011101111110011111111100111111111011111010111111101111111111101011111111111111111111101111111111111111111111111111111111111111111101111111111111111
000000000000000000000000000000000000000000000000000000000000000010000001100000000000000011111111000000000000001111011100010000000000000001100000000000000000000110000100000011000111111101111110110011011111110100111111011111111111001011111100101111111100100111010011111111111110011111001111111111111110111111011111111111111111111111111111111111111111111111111111111111111111111111011111111111111111
000100000000000001000000000000000000000000000000000000000000000000000000000000000010000000010000000000000000001111110110000000000000111111000000000000000000000001000000000000001111111100011011100000111111111011111111001111111111001100111101111111111110110011000111111111111011011100111111111111111111111101111111111111111111111111111111111111111111111111111111111111111111111101111111111111111111
000000000001000000000000000000000000000000001000000000000000000110000000000000110000000010000000000000000000001101001000000000000000100000100000000000000000000110000010110000001111111111011101111101111111111011111111011111111001111111110011111111100111110110011111111100111110010011111111111111111110111111111111111111111111111111111111111111111111111111111111111111111111111111111111111111111111
000000000000000000000000000000000000000001000000000000001000000100000000000000000000000010000000000000000000001000000000000000000000000000000100000000000011000000111000110000011111111111110011111001111111111101011111100111111111010101111110011111111111011111111111111111101100100111111111111111111110011111101111111111111101111111111111111111110111111111111111111111111111111111111111111111111111
000000000000000000000011101000000000000000001000000000000000000000010000000000000000100000000000000000000010001110111111001100001111111011111110110000111111111111111101100001111100111111101110000111111011111111111101011111111111101011100110111111111111100000111111111111111111011111111111101111111111011111110100111111011111111111011011111111111111111111111111111111111111111111111111111111111111
111111010111000000000011111110001100000000000000000000000000000000011100100010000000000011110111011110011100111111001101111001111011111111111111100111100111111110111110111110011111111111111111110001111111111111101111100101110111111110111110110000011111111011111111000000111110111011000100001111111110101101010001111111110011111011001111011111011101111100110000111001111111111111000111100111111111
000000000000000000000000000000000000000000000000000000000000000000000000000000000000001000000000000000000000001111111100000000000000111111110000000000000000000000100000000000001111110111111111111111111111011101111111111111111111110110111111111111111111001011111111111111111111001111111110111111111111111111110101111111111111111111011111111111111111111111111111111111111111111100111111111111111111
000000000000000000000010000000000000000000000011000000000000000000000000000000000000001000000000001000000000000000000000100100000000000000000100111000011000000110000001110000000000100000110100000010001011000010000000000001001000000000000000000000000000000000000000000000000000011011111111111111111111111111111111111111111111111111111111111111111111111111111111111111111111111111111111111111111111
000000000000000000000000000000000000000000000000000000000000000000000000000000000010000000000010000000000000000000001001000000000000000001011110000100000101000000011000001000010000001001000000100000110001100000000000000011000000000000000000000000000000000000000000000000001111111111110011111111111111111111001111111111111111111110111111111111111111111111111111111111111111111111111111111111111111
000000000000000000000000000000000000000000000000000000000000000000000000011000000000000000000010110000000000000110000011000000100011001000001101100011001000000001111110011110010000000111111000111001000001111111100000000100000101111110000000000100000101100000000000000000010001000000011100000011000111111111101111111111111111111111111111111111111111111111111111111111111111111111111111111111111111
000000000000000000000000000000000000000000000000000000000000000001000001110000000000000100001011000000000000011000001110000000001100100000111010000100110000010111101110111000110000011111110011100111000111111111100000001100010111111100000000010000001011100000001001000000100010000000110100000100011111111111111111111111111111111111111111111111111111111111111111111111111111111111111111111111111111
000000000000000000000000000000000000000000000000000000000000000000101100000000000000110000110000000000000011000011111000000000001110001101100101100110111001110110110110001111110111111011000000111100111111111100000000110000011010000000000101000001000100000000010010001000000000000111101100110111011111111111111111111111111111111111111111111111111111111111111111111111111111111111111111111111111111
000000000000000000000000000000000000000000000000000000000001100000100000000000000111000010000000000000011100001111100000000000110000111111011100110011000010111001110001101100001101101100000110110010111110110000000110000000001001100000010100000010100000000001010001010010000001111111111101111110111111111111111111111111111111111111111111111111111111111111111111111111111111111111111111111111111111
000000000000000000000000000000000000111000000100000000000011110000000000000000000110000000000001000000011100001001101100001001110000101111110000010111000010111011000011011000001101101100001101100100100110110000000110000000010010000000011000000001100000000001100100000100000001111111111111111101011111111111111111111111111111111111111111111111111111111111111111111111111111111111111111111111111111
000000000000000000000000000000000000111000000000000000000011110010000000000000001111000100000011000010111100000000111100011110110000100111110000010111100000111111000001111110000011111100000101110100001100110000001111000000111000000000110100000001000000000001010100000000000000110111111000000010111111111111111111101111111111111111111111111111111111111111111111111111111111111111111111111111111111
000000000001000000000010000000000000000000001000000000000001000000100000000000011110000000000000100001111000001001110111000011110000110111011100001111000010011111100001111110000001101110001111110100000110010000011111000000011101000000100000000001001000000010110100000000100001100111111000100011111111111011111111111110111111111111111111111111111111111111111111111111111111111111111111111111111111
000000000000000000000011000000000000000000001100000000000000000100110000000000001100001011101010110001111000001111111111000111100000100111101100100110000011111101110100011100001100110111100011101000110011011110011110000010000000000001111000000000101000000100101000000000100000111111011000100111011111111111111111111101110111111111111111111111111111111111111111111111111111111111111111111111111111
000100000000000000000000100000111111000000000011000000001100000000011100010000111010000001111011100011100000010111001110000111000000011110110100001101000001111011110001110100000110001111101111001000011000111110111000000000000000011010100000000000000100001011000000000000100000101100110000000010101111111111111001111111011111111111101111111101111111111111111111111111111111111111111111111111111111
000000000000111100000000000000000000110000000000000111000011100011100000011110010111001100000001111110011100000000011110111000110000000001111111110011000000000111111110011101110000001111110001110011000000010011001100000000000001101110010000000000000000111001000010000000000000100111110100000000000001111111111111111110011011111111111110111111111111111111111111111111111111111111111111111111111111
000000011101100000010000000001110000000001000000000111100000001110000000011111000000111000000011111100011101110000001111010001110111000100111111000110101100010011111100001011110010001111110001110111111001111111000001011010000011001000000101100000001000100000000110000001000010000011111100000000011001011111111111011111100101111111111001111011011111111111110111101111111111111111111110011111111111
000000000000000111101100000000000000011111110000000000000001111111100000000010000111101100000000011000011110110000000001100001111011000000100110110111111100000000111011011111110010010011100000101111100111001110000011111100000000001100011111010000000000100001110100000000000000000101111000000010000111110011111111111001111110001111111111111111111101111111111111111111111111111111111111111111111111
000000000000000000001100000000000100000001110000000000000000000111000000000111000000011100000000011100000000110000000001100001100011000000001100111110001100000000111011001100110000101011000001100111001011111110000100011100000000111000110001000000000000000011011101000000000000000101111100001111111111111111111111111101111111111111111111110111111111110011111111111111111111001111111111111111111110
000000000000000000000100000000011100000000010000000001100000000000000000000110000000011010000000011000000001111000000001100000000111110100000110001100011110000000011001110000111110000111101111100011110000001001111100011110010111100000110001111011111110000110000111000000000000011000110100000000000001100011010000111111111111111111111111111111111111111111111111111111111111111111111111111111111110
000000000000000000101100000000000000000000010000000000000000000011000000000000000000001100000000000000000001110000000001100000000111000000001110000000011111000000111000000001111001000111100000001111100100001110000001111011111011111110100111101111000011111100001110111100001101111100011011111000101111111001101111111110111110011110111111111100111000110011010000000111000011001110000011011011111110
