000000000000000000000000000000000000000000000000000000000000000000000000000000000000000000000000000000000000000000000000000000000000000000000000000000000000000000000000000000000000000000000000000000000000000000000000000000000000000000000000000000000000000000000000000000000000000000000000000000000000000000000000000000000000000000000000000000000000000000000000000000000000000000000000000000000000
000100000000001101000000011110000000010000000000001110000011000000000011111100000100000000000011111000010000000000011110000111000001001111111000001110000100011111111000111000000000010000000001110000000000010000100010010000000000000010000011000000000110011000000000000001000111110100011000110011111110110011111011111111111111100110111111111111111110111111111111111111111111111111111111111111111111
000110000000100101000000001110000000010000000000001110000011000000000011111110010100000000000011111001110000000000011110000110000000001111111000001100000000011111111000111001000000000000000001100000000000010000100010010000000000000010000011000100000110011001000000000001000111110000010000110111111111100011101011111111111111001110111111111111111111111111111111111111111111111111111111111111111111
000111000000100101000000000111000000010000000000000110000011000000000000111110000100000000000001111000100000000000001110000110000000000111111000001100000000000111111000111101000000000000000001110000000000010000100010010000000010000010000011000100011110111000011000000001001111110001010100111111111111001111100011111111111111111110111111111111111111111111111111111111111111111111111111111111111111
000011100000100100000000000111000000010000000000010110000011100000000000111110011100000000000001111101110000000000001110000111000000000111111000001100000100000100111000111001000000000000000001100000000000011000000000010000000000000010000011000100000110111000011000000001000111100000010000110111111111101111100011111111111111111110110111111111111111111111101111111111111111111111111111111111111111
000011100000100110000000000111000000011000000000011111000001000000000000111110001100000000000001111101110000001001011111000111000000000111111100001100000000000100111100011001000000000000000001000100000000011000000000010000000000000010000011000100010110111000011000000001001111100001010100110111111111101111100011111111111111111110110111111111111011111111101111111111111111111111111111111111111111
000011100000100110100000000111000000011000000000000111000001100000000000111110001100000000000001111100110000000000001111000110000000000111111100001100000000000100111100011001000000000000000001000100000000011000000000000000000000000010000011000100110110111000011000010001111111100001010100110111111111101111111111111111111111111111111111111111111011111111101111111111111111111111111111111111111111
000001010000011100010000010101001011100000000001100111111100000000000110001010010000000000010011111001010000000001000001101000000000000011000101111100001000001010011111111000000000001111111111111110000000111011111111111000000000100111110111100000000000011111011111000000000001111111111100000000001111111111000000000010001111111110000000001110001111111000000001111000011111110000011111100011111111
000001010000011100010000010101001011100000000001100111111100000000000110011010011000000000010011011001010000000001000001111000000000000011000111111100001000001010011111111000010000001111111111111110000000111011111111011000000000100111110111100000000000011111111111000000000001111111111100000000001111111111000000000011001111111110000000001110001111111100000001111000011111110000011011100011111111
000001010000010000000000010001111011000000000001100111110100000000000100011010010000000000111111011001110000000001000001001000000000000011000111110000000000001010111111100000000000001111111111100000000000011011111011000000000000000111110111110000000000011111111111000000000001111111111000000000100111111111000000000011100111111110000000001110000001111100000011111000011111110001011011101111111111
111110000000000000000011111110000000000000001100011100001100000000100011111000000100000000001110101000010000000000111101100000000000000001110100011000001000001111100001100000100110011111100001000100000001111111011101110100011111100110111111100001111110011011111110001100111111111101111100100000011111100111110110000000011110011111000000000001111101111100000000100111111111110000000001001111100000
111100000000000001000011111100000000000000001000111000000000000000000011110100001000000000011111010000100000000001111010000010000001000011111000011000000001001111100000000001000100111110010000001011010001111011001001101100111111001100111110000011111100110011111100001001111111101111111101100000111111101111110110000000111100111111000000000011111011111100000001100111111111110000000010011111100000
111100011000010111000011100001000000011100001111100100000001110010111111110000000111000011110001000000011100001100000100000001110000110000110000000111100011000011000000011110001101001100011000111000100100100001100011100000010010000110001110000001011000001000011000000001000000000001100000001100001111110110100000100001111111111010000000000111111110101000000001000111100010110000001000000000000011
111100011000000011100011100001000000001110001111101100000000111000111110110000000011100011100011000000001111001100001100000000111100110000110000000001110011010010000110000111001011001000011000011100101101100001100001111000110110000110000111100001010000011000001110000001000000000110111000001000001111111001100000000001111111100111000000001111111110011100000011000111100000110000001000000000000011
111100110001000000111011111011000000000011111111101100000000001111111101110000000000111111100011000000000011111110001000000000001111111000100000100000111110110110000110000001111011011000011000000111001101100001100000011100110100000110000000110011110000011000000011000011000000001110001100001000011111111000010000000011111111100001000000101111111110000100000011000111100000000000001000000000000000
000000000000000000001000000000000000000000100100000000000000000010000000100000000100000000000111000000010000000000001000000111100000000001001000011100000000001111111101110011000000110001011111000000000011111111111110010000000100110111111000000001000001111111100000000010000111011110000000000000001101111000000000000000110011100000000000000011011110000000000000001101111000000000000000110111100000
000000000000000000000000100000000000000000100000000110000000000000000000111000000000000000000001000000010000000000001101000111100000000001111111111100000000000010001001110001000000111111111111001100000000000011111100010000001100001111111000000000011000111111100000000000000011011110000000000000001101111000000000000000110011100000000000000011011110000000000000001101111000000000000000110111100000
000000000000000000001000110000000000000000100000000011000000000010000000001100000100000000000000011000011000000000000011111111100000000000000010111110000000000000101111110011000000000110111111000100000000000111111100010000100000011111111000000010000000111111100000000000000011011110000000000000001101111000000000000000111111100000000000000011011110000000000000001101111000000000000000110111110000
000000000000000000001000100000000000000000100000000011000000000010000000001100000010000000000000010000011000000000000011111111100000000000000111111110000000000000011011111011000000000001111111000100000000100011111100010000000010011111111001000000000000011111100000000010000011111110000000000000001101111100000000000000110011110000000000000011011111000000000000001101111100000000000000111111110000
000000000000000000000100000000000000000000010011100000000000000001110000000000000000000111100001000000000000011111000000000000000001111100000000000000011111110010000000000001001110010000000000000000100001100000000011000011000000000000111100000100000000000011111000000000000000001111110000000000001101111110000000000000110001111000000000000011000111100000000000001001111110000000000000101111110000
000000000000000001001100000000000000000000101111000000000000000000111000000000000001100000000001000000000000011000000100000000001111100000000100000011111011000000000000111111001000110000110001111110100100000111100111100001010000001001111100001001000000110001110110100000000000000111100010000000000000111110000000000000000011110000000000000000001111000000000000011000111100000000000001100000110000
000000000000100000000000000000000000000000000000000000000000000000000000000000000000000110000000000000000000111000000000000001100001100000000000001111000100000000000000111100010000011100000111111001000000000000011111100000000000000001111110100000000000001111111110000000000001111111110000000000000001111110000000000011111011111000000000001110101110110000000000111011111111100000000000100100111110
110000000000000000000011000000000000000000001100000000000000000000110000000000000000011011100000000000000000111110000000000111000100111000000000011110011011000000000011111001001100001110001111110100110000000000111111010011000000000011111111000000000000001111111000000000000010111111000000000000000011101100000000000000111110110000000000000011011101100000000000011101101111000000000000001110110010
111111000000001111100011111000000000011110001111100000000000111000111110000000000011100011111000000000000111001111100000010000011100111111000001100000100011111110001111000001001111111000111100000000111111100011110000000011111110000000000000001111111000000000000000111111000000000000000011110100000000000000001111011100000000000000111010111001000000000010101010111100000000000011100111000001000000
111111000011000111111011111101100100001111101111100111010000011100111110100001100001110011111010000110000011001111111100011100000000111111100001111000000011111110000111110000001111111000111111000000111111100011110000000011111100000000000000001111111000000000000000111111100000000000000011111100000000000000001111011000000000000000111101110000000000000011100011100000000000001010100110000000000000
111111100001101111111111111110100111001111111111110111001100011110111111000000100001111011111110000000000011001111111100000100000100111111110000111000000011111110000011110000001111111000011111100000111111100011111100000011111110001100000000001111111000000000000000111111100000000000000011111110000000000000001111110000000000000000111101110000000000000011110111101100000000001110001110010000000000
111111110001111111111111111110000011111111111111111001001111111110111111101110000111111011111110000000001111101111111100000111000110111111110000011100011011111111000001110000101111111100001111000000111111110000111110000011111111000111001000001111111100000000000000111111110000000000010011111111000000000000001111111000000000000000011111100000000000000011111010000000000000001111001111000000000000
111111111111111111111111111111110001111111111111111110000011111111111111110000001111111111111111000000111111101111111100000011110110111111110000001111111011111111000000111111101111111110000011110000111111111000001111000011111001100000101000001111100010000101100000001100001000000000000000111000110000000000000011101010000000000000011101101000000000000001011110100000000000001100111111000000000000
111111111100011111111111111111100000111111111111111100000011111111111111110000001111111111111111000000111110101111111100000011111011111111110000001111101111111111100000111110111111111110000011111000111111111100001111000011111100100001101000000111100010000001100000001110001100000110000000011000000000000000000011111010000000000000001111101000000000000010101111100000000000000000110110000000000000
111111111000011111111111111111000000111111111111111100000011111111111111110000001111110111111111000000111111011111111100000011111111111111111000001111111111111111100000111111111111111110000011111101111111111000011111100001111110100001110110000011110000000001010000000111000100000011000000011110000000000000000011111010000000000000001011101000000000000000101111100000000000000010100110000000000000
111111111000011111111111111111100000111111111111111100000011111111111111110000000111111111111111000000011111111111111100000001111111111111110000000111111111111111100000011111011111111110000011111101111111111000001111110111111111100000111111000111111110000011111100001111100100000010100000011110110000000100000000111100000000000000000011111000000000000000010110100000000000000000111111000000000000
001111111100011111111111111111100000111111111111111110000001111111111111110000000111111111111111000000011111111111111100000001111111111111110000000111111111111111100000011111111111111110000001111111111111111100000111111011111111110000111111101111111111000011111110111111111100001011111000111111110000001011000001111101000000000000000011110000000000000000000111100000000000000000011111000000000000
000111111100001111111100111111100000011111111111111110000001111111111111111000000011111111111111100000001111111111111100000000111111011111111000000011111111111111110000001111111111111111000000111111111111111100000011111111111111110000001111111111111111000001111111001111111100000011111000011111111000000111100000111110100000000000000011111000000000000000000111010000000000000000011101000000000000
000011111100000111111100011111110000001111110001111111000000111111001111111000000001111111111111100000000111111111111110000000011111011111111110000001111101111111111000000111111111111111100000111111111111111110000010111101111111111000011011111111111111100001101111011111111110000001111100011111111000000011110000111111000000000011000001111000000000000000000111110000000000000000001101100000000000
000011111110000011111100001111111000000111110000111111000000011111001111111100000001111100111111110000000011111111111111000000001111101111111111000000111100111111111000000011111111111111110000001111111111111111000000011111111111111100000001111111111111110000000011011111111111000000001101111111111100000000110111111111100000000001001111111110000000000000000111111000000000000000011110101000000000
000001111111111110000010011011111111111000001001000111111111000000000000001100111100000000000000001101110000000110000011110111100000000100001110011011110000010010101000101110000001001010000010010000000100000000011000000000000001000000000001000010111110000000001110001111111001101000111011111111100000000011101110111000110000001111111111000011100000111111110100001110000001011011000000111000000011
000001111111111110000010011011111111111000001001001111111111000000000001001100111100000000000000001101110000000110000011110111101000000100001110011011110000010010101000101110000001011010000010010000000000000000011100000000000011000000000001000011111110000001001111001111111011100100011011111111100000010011101111110000110000001111110111000011100000110111111100001110000001111011000000111000000001
000001111111111110000010011011111111111000001001001111111111000000000001111111111100000000000000011101110000000111000011110111101000000100101110011011110000010110101000101110000001011010000010010000000000000000001101000000000010000000000000100011111110000001000111001111111011100100011010111111100000010001101111110000110000000111110111000011100000111111111000001110000001111110000000111000000000
000011111111111111000010011011111111111000001001001111111111000000000001111111111100000000000100011101110000000111000011110111101100000100101110011011110000010110101000101110000001011010000010010000000000000000001101000000000010001000000100100111111110000001000111001111111011100100011100111111100010010001101111111000110000000111110110000011100000011110111000001110000001100110000000111000000000
111111111111111111111111111111111111111101111111111111111110110011111111111111111011000101111110110010001000010110001000011000100100111001111111100000011000100110010010000011110001101100001000001111001110001101100000111100000001110001100111110000000011000111111110000000001110111111100000000000011000111000000000001111000011100000000010111000001000000000000000100011000000000011000010000100000000
