111111111111111111111111111111111111111111111111111111111111111000011000111101111110100011111111111111110010000011110111111011000000000011011011110100000000011111111111111000000101111111111111000000010011111111111000000000000111111111100010000000001110001111101110000000000001111111111100000001111111111111010000000111111111111101000000001111111111111000000000001101111111100000000000000111111100
111111111111111111111111111111111111111111111111111111111111111000011000111101111100100011111111111111111010000011101111111011000000000011100001100100000000011111111101111000000101011111111110000100010011111111111110011001001111111111111110000000001110011111111100000000100011111111111100000001111111111111100000000111111111111000000000001111111111110000000000001101111111000000000000000111111000
111111111111111111111111111111111111111111111111111111111111111000011000110101111000000011111111111111111010000011100111111011000000000011110011100100000000101111111100111000000101011111111111100110010011111111111110000001001111111111111110000000001111101111111100000000100001111111111000000000111111111111110000000111111111111000000000001111111100110000000000001001111111000000000000000111111000
111111111111111111111111111111111111111111111111111111111111111010011010111101111000100011111111111111111010000011100111111011000000000011011011100100000000101111111011111000000101011111111110000110010011111111110100000001001111111111111110000000011111111111111100000000100001111111111000000000111111111111110000000111111111111000000000001111111111110000000000001001111111000000000000000111111000
111111111111111111111111111111111111111111111111111111111111111010011110111101111010000011111111011111111010000011110111111011000000000011111111100100000000001111110111111000000101101111111111000110010011111111111100010001001111111111111100000000011111111111111000000000100001111111110100000000111111111111010000000111111111111000000000001111111111100000000000001001111111000000000000000111111000
111111111111111111111111111111111111111111111111111111111111111010011110111111111110000001111111000011111010000011111111111010000000000010010011100100000000001111111111111000000101101111110000110110010011111101111000000001001111111111111100000000011111111111111100000000100000111111111000000000111111111111110000000111111111111000000000001111111111100000000000011011111111000000000000000111110000
111111111111111111111111111111111111111111111111111111111111111111011111111111111111000000100000000001111000000111111111111011000000000011010011100100000000000111111111111000000001001111111111100100010011111111111100000001001111111101110000000000011111111011110000000000100000111010010000000000011111110111100000000111111111111000000000001111111111100000000000011011111100000000000000000111110000
111110111111111111111111111111111111111111111111111111111111111111011111111111111111000000100000000001111000001111111111111011000000000011000011100100000000000111110011010000000001001111111111110000000011111111111111111100001111111111111111110000011111111111111111000000110000111001111100000000000111110001100000000111111111100001000000001111111111000000000000011011111100000000000000000110000000
111100111111111111111111111111111111111111111111111111111111111111011111111111111111100000100101000011111000001111111111111011000000000011001111100100000001000110100111010000000001001111111111100000000011111111111000000000001111111111111000000000011111111111111000000000110000111111110000000000000111111111100000000111111111111100000000001111111111100000000000111111111110000000000000010111111000
111000111111111111111111111111111111111111111111111111111111111111011111111111111111100000100101010011110000001111111111111111000000000011001111100100000001000111001111110000000001001111111111100000000011111111111000000100101111111111110000000000011111111111111000000000110000111111110000000000000111111111100000000111111111111100000000001111111111100000000000111111111100000000000000010111111000
000011111111111111111111111111111111111111111111111111111111111111011111111111111111100000100111110111100000001111111111111111000000000111011111100100000001000111010110010000000001011110111101100000000011111111110000000100101111111111110000000000011111111111110000000000110000111111100000000000000111111111000000000111111111111110000000011111111111000000000000111111111100000000000000110110000000
000111111111111111111111111111111111111111111111111111111111111111111111111111111111100000110111110111100000001111111111111110000000000111011111100100000000100111000111010000000001010111000111110000001011111101111000000100101111111111110000000000011111111111110000000000111000111111100000000000000011111111010000000011111111110001000000011111111111000000000000111111110000000000000000110110000000
011111111111111111111111111111111111111111111111111111111111111101111111111111111111100000110111110111100000001111111111111111000000000111011111100100000000100111001111000000000001111111101110110000001011111111001000000000101111111100110000000010011111111111110000000000111100111111100000000000000011111111000000000011111111110000000000001111111111000000000000011111111000000000000000110110000000
111111111111111111111111111111111111111111111111111111111111111110111111111111111111110000111111111011110000001111111111111111000000000111101111110010000001110111110111001000000010111111111110110000000111111011111000000000010111111111110000000000001111111111000000000000111110011100000000000000000011111101000000000011111111110000000000001111111111100000000000011111110000000000000000010010000000
111111111111111111111111111111111111111111111111111111111111111110011111111111111111110001011111111001111000000111111111111111100000000011111111111010000001111011110001100000000001111111111011001100000101111110111100000000010011110101111000010000001111111111111000000000011100011111110000000000000001111001000000000001111111110000000000000111111111110000000000001111111000000000000000001011000000
111111111111111111111111111111111111111111111111111111111111111111011111111111111111110000111111111101111000000111111111111110100000000011110111111001000000111011110011100100000001111111111001000100000011111111111111100000001011111111001000000000000111111100111000000000011110001001110000000000000011111101000000000001111001111000000000000111111111110000000000001111111000000000000000001001000000
011111111111111111111111111111111111111111111111111111111111111111011111111111111110010000101101111100111000000011111111111110000000001011110111111101000000111101111000110000000001111111111111100100100010111111111110110010001011111111111000000000000111111111111101000000001110001110000000000000000000111100000000000001111100100000000000000111111000010000000000001111100110000000000000001100010000
011111111111111111111111111111111111111111110111111111111111111111001111111111111100001000101111111100011100000011111111111111000000001011111111111100000000111101111000110010000000111111111111110100100010111111111110000010001001111111111100000000000111111111111100000000001110001110111000000000000000111100000000000001111111111000000000000011111111111000000000000111111000000000000000000101100000
001111111111111111111111111111111111111111110111111111111111111111001111111111111100000000101101111100011100000011111111111111000000001011111111111100000000111101111011111010000000111111111111000110100010111111111110001010001001111111111100000000000111111111101100000000001100001111111000000000000000001100000000000001111111111000000000000011111111111000000000000111110000000000000000000101100000
110111111111111111111111111111111111111111110111111111111111111111001111111111111100000000101101111100011100000011111111111111000000001011111111111100000000111101111111111000000000111111111100010100100010111111111110001010001001111111111100000000000111111111111100000000001100001111111000000000000000111111000000000001111111111100000000000011111110111100000000000111111001110000000000000101100000
111111111111111111111111111111111111111111110111111111111111111111001111111111111110000000101101010100011100000011111111111111010000001011111011111100000000111101111110111010000000111111111111110100100010111111110111000010001001111110111100000000000111111011111110000000001100000111111000000000000001111111110000000001111111111100000000000011111111111000000000000111111110000000000000000101110000
111111111111111111111111111111111111111111110111111111111111111111001111111111111110010000001101111100011100000011111111111111010000001011111111111101000000111101111111111010000000111111111111100000000010111111111110000100001001111111111000000000000011111111100000000000001100001100111000000000000001110001110000000001111111011100000000000011111110101000000000000111111000000000000000000101111000
111111111111111111111111111111111111111111110111111111111111111111000011111111111110010000001101010000011101000011111111111111010000000010110011111101000000111100111110111010000000101111111111000100000010111111111111010000001001111111111110000000000011111111111110000000001100001111111100000000000111111111110000000001111111111111000000000011111111111000000000000111011111100000000000000100111000
111111111111111111111111111111111111111111110011111111111111111111000011111111111110010000111111111110011101000000111111111111010000000010110011111101100000000100110111111010000000101011111111110100000010111111111111000000001001111111111111000000000011111111111111000000001100001101111100000000001111111111110000000000111110111111000000000011111111111100000000000111011111110000000000000000111111
111111111111111111111101111111111111111111110101111111111111111111000011010111111110110101111111110111111111000000011101111111110000000100010100111101100000000100111110110110000000101011111111110000000010111111111111100000001001111111111111000000000011111111111111000000001000001111111100000000001111111111110000000001111111111111000000000011111111110100000000000111011111000000000000000001110011
111111111111111111111111111111111111111111110011111111111111111111000100101011111111101011111111111111111111000000111101111111100000001000101101111011000000001001111011111110000000010111101111001011000101111111111111000000000011111111111111100000000111110111111110000000000000011111111100000000011111111111110000000011111111111110000000000011111111111100000000000010111111110000000000000001111111
111111111111111111111111111111111111111111110111111111111111111101001001010000111111010011111111111111111111010001111111111101100000000001100101110110000000010010111111001100000000101111110111010111000011111111011110000000000111111111111111000000001110001111111111000000000000111111111100000000111111111111110000000011111111111111000000000111111111111100000000000101111111110000000000000011111110
111111111111111111111111111111111111111111111111111111111111111111000000000001111111100011111111111111111110100011001101111011000001000001000111111100000000000100111101111000001010011111111110111001100111111111100100000000001111111111011110000000011100011111111110000000000001111111111100000001111111111111110000000111111111111111000000001111111111111000000000001001111111110000000000000111111100
111001111111111111111111111111111111111111110000100101111111111101000000000011111111110111111111111111111011010110010011111110100100000010000011011100000000001001111111101110000000010111111100001100000101111111111100000000011111111111111110000001110000111111100100000000000111111001011100000011111111111001110000011111111111111111000000111111111111110000000000010111111111110000000000001111111111
100011111111111111111111111111111111111111110011000011111111111011000000000111111100101111110011110101111110110000000111011001001000000110000101110100001100000001111011111100110001000111111000011011000001111111111100000000100111111111111100000011000001111111111010000000001111111111111000000111111111111111100000111111111111111100000001111111111111110000000001101111111111100000000000111111111000
000111111111111111111111000111111111111111110000000001011111101111000000001111110110111100000111000001011011110000000000100100100011000110000111100000111100010000011001111011110000000111100000001100000000011111111100000000000011111111111000000000000111111111111100000000011111111111111000001011111111111111110001111111111111111001000011101111111111110000000010011111111111100000000001111111111110
001111111111111111111100000011111111111111010000001000110101111101000010100111110111110100000001000001111011010000000000010000111101001100101100000011110100000000001011111111010001000010000000100000000000011111110001000000000000111111111000000000000111111111110000000000111111111111110000000011111111111111110000001111111111110000000000111111111111100000000001111111111111000000001111111111111000
001111111111111110110000000000010011111010000000000000101111101000100000000011111110100100000000001100111110000000100000000111111000001000001111011110100001111110111001100100000000110100110000011000000111000011110000000000000100001111111000000000000000111111111000000000000011111111111000010000011111111111110000111111111111111001000000111111111111100000000011111111111111000000001111111111111100
000000111111100000001000000011111010110001100000000011111000010100000000011111100011011000000001111110001001000111010111111000110100111111111001101111000001111111111110011000000001111110111000000000111111111011101100000000111111100001111110000000001110000111111111000000111000011111111100000000000011111111100000000000000111111110001111111000011111111000011111111111111111000000111111111111111000
010000000110111000000001001010011011100000000100001101101100000000001000110110110000000011100011011011100000000000001101101111111000001011111111111011100011111111111111100000001111111111111110100000111111111111111010000011111111111111100011001111111111111110000000000111111111110000000011111111111111100011000000000001000000000000000000000000000000000000000000010110000000000000111111111111100000
001110011110000000000000110000000000000000001011100000000000000000101110000000000110000010111100000000010000000011111110111000000000001011111111111111000011111111111111111100000000011111111111110000000101111111111111000001110111111111111100001111011111111111110000100001111111101000000000000111000000000000000000000000000011110000000000000001111111000000000111111110001100000000011111111110000000
011100100010111110111100010100001000000000110000000000100000000010000000000010000000001000000000001110000001100000000000111101111000000101111110111111110100010111011001111111110000000111100111111011000000111110011111101100001111111001111001110011111110000100011110011111000000000111110011111110000011111110000111111111111111110000001111111111111100000000001111111111110000000000000110000110000000
011111111111111111111101000111111111111111110100000000111001101111010000000011100000001101010000000110000000000111000000111111101110011111111111111110110001101111110111111010000010111111011111100000000011111001111110000001111110000011110000001111110000011100000000111111111111100000000011111111111100100000001111111111100000000000111111111100000000000011111111000000000000000111111100000000000000
111111111111111111111011111111111111111111000000011111111111110000000001111111111111000000000001100011100000000000001111111011100000000001111111111100000010100011111111100000001011111110111100000000001111100011100000000011111111111110000000001111111111100000000000111111111100000000000011111111101000000000001111111100000000000000111111100000000000000011111100000000000000001111000000000000000000
111111111111111111110011011111111111111100000001111111111111000000000111111111111100000000001110001111000100000000111111111110000000001111111111111000000011111111101110000000001011111101111000000000111111111110000000000011111111111000000000001111111110000000000000111111110000000000000011111110110000000000001111110000000000000000111110000000000000000011110000000000000000001110000000000000000000
